data/DN161031_01_triangulation_all_timesteps.ecsv
# %ECSV 0.9
# ---
# datatype:
# - {name: datetime, datatype: string}
# - {name: t_rel, unit: s, datatype: float64}
# - {name: no_cams, datatype: int64}
# - {name: latitude, unit: deg, datatype: float64}
# - {name: longitude, unit: deg, datatype: float64}
# - {name: height, unit: m, datatype: float64}
# - {name: X_geo, unit: m, datatype: float64}
# - {name: Y_geo, unit: m, datatype: float64}
# - {name: Z_geo, unit: m, datatype: float64}
# - {name: X_eci, unit: m, datatype: float64}
# - {name: Y_eci, unit: m, datatype: float64}
# - {name: Z_eci, unit: m, datatype: float64}
# - {name: DX_DT_geo, unit: m / s, datatype: float64}
# - {name: DY_DT_geo, unit: m / s, datatype: float64}
# - {name: DZ_DT_geo, unit: m / s, datatype: float64}
# - {name: DX_DT_eci, unit: m / s, datatype: float64}
# - {name: DY_DT_eci, unit: m / s, datatype: float64}
# - {name: DZ_DT_eci, unit: m / s, datatype: float64}
# - {name: D_DT_geo, unit: m / s, datatype: float64}
# - {name: D_DT_eci, unit: m / s, datatype: float64}
# - {name: beta, unit: kg / m2, datatype: float64}
# - {name: sigma, unit: s2 / m2, datatype: float64}
# - {name: mass_est, unit: kg, datatype: float64}
# - {name: pos_err, unit: m, datatype: float64}
# - {name: D_DT_err, unit: m / s, datatype: float64}
# - {name: beta_err, unit: kg / m2, datatype: float64}
# - {name: sigma_err, unit: s2 / m2, datatype: float64}
# - {name: mass_err, unit: kg, datatype: float64}
# - {name: c11, datatype: float64}
# - {name: c36, datatype: float64}
# - {name: c12, datatype: float64}
# - {name: c37, datatype: float64}
# - {name: c13, datatype: float64}
# - {name: c38, datatype: float64}
# - {name: c14, datatype: float64}
# - {name: c44, datatype: float64}
# - {name: c15, datatype: float64}
# - {name: c45, datatype: float64}
# - {name: c16, datatype: float64}
# - {name: c46, datatype: float64}
# - {name: c17, datatype: float64}
# - {name: c47, datatype: float64}
# - {name: c18, datatype: float64}
# - {name: c48, datatype: float64}
# - {name: c22, datatype: float64}
# - {name: c55, datatype: float64}
# - {name: c23, datatype: float64}
# - {name: c56, datatype: float64}
# - {name: c24, datatype: float64}
# - {name: c57, datatype: float64}
# - {name: c25, datatype: float64}
# - {name: c58, datatype: float64}
# - {name: c26, datatype: float64}
# - {name: c66, datatype: float64}
# - {name: c27, datatype: float64}
# - {name: c67, datatype: float64}
# - {name: c28, datatype: float64}
# - {name: c68, datatype: float64}
# - {name: c33, datatype: float64}
# - {name: c77, datatype: float64}
# - {name: c34, datatype: float64}
# - {name: c78, datatype: float64}
# - {name: c35, datatype: float64}
# - {name: c88, datatype: float64}
# delimiter: ','
# meta: !!omap
# - {triangulation_method: LS}
# - {triangulation_frame: ECI}
# - {triangulation_t0: '2016-10-31T12:03:49.126'}
# - {triangulation_radiant_inf_time: '2016-10-31T12:03:47.290'}
# - {triangulation_ra_eci_inf: -8.039618147627472}
# - {triangulation_ra_eci_inf_err: 0.032140824505244976}
# - {triangulation_dec_eci_inf: 6.4887180083369564}
# - {triangulation_dec_eci_inf_err: 0.02020617320002594}
# - {triangulation_ra_ecef_inf: 132.48525131491675}
# - {triangulation_ra_ecef_inf_err: 0.032140824505244976}
# - {triangulation_dec_ecef_inf: 6.535128537814706}
# - {triangulation_dec_ecef_inf_err: 0.02020617320002594}
[...]
# - {triangulation_azimuth_inf_err: 0.054841825543180796}
# - {triangulation_radiant_end_time: '2016-10-31T12:03:53.826'}
# - {triangulation_ra_eci_end: -13.47570640156014}
# - {triangulation_ra_eci_end_err: 0.11716155352943479}
# - {triangulation_dec_eci_end: 6.420975536868736}
# - {triangulation_dec_eci_end_err: 0.020636690895004244}
# - {triangulation_ra_ecef_end: 132.35388979618455}
# - {triangulation_ra_ecef_end_err: 0.11716155352943479}
# - {triangulation_dec_ecef_end: 6.340261079334499}
# - {triangulation_dec_ecef_end_err: 0.020636690895004244}
# - {triangulation_slope_end: 53.650847049849475}
# - {triangulation_slope_end_err: 0.028872617004886216}
# - {triangulation_azimuth_end: 15.480716526535206}
# - {triangulation_azimuth_end_err: 0.19345592259441594}
# - {triangulation_file_0: 33_2016-10-31_120329_S_DSC_0080-G_DN161031_01_2019-07-08_113355_trent_nocomment.ecsv}
# - {triangulation_file_1: 16_2016-10-31_120328_S_DSC_0326-G_DN161031_01_2019-07-08_114340_trent_nocomment.ecsv}
# - {triangulation_file_2: 07_2016-10-31_120329_S_DSC_0061-G_DN161031_01_2019-07-08_113046_trent_nocomment.ecsv}
# - {telescope: multiple_telescopes_0}
# - {astropy_version: 3.0.1}
# - {numpy_version: 1.14.2}
# - {scipy_version: 1.0.1}
# - {event_codename: DN161031_01}
# schema: astropy-2.0
datetime,t_rel,no_cams,latitude,longitude,height,X_geo,Y_geo,Z_geo,X_eci,Y_eci,Z_eci,DX_DT_geo,DY_DT_geo,DZ_DT_geo,DX_DT_eci,DY_DT_eci,DZ_DT_eci,D_DT_geo,D_DT_eci,beta,sigma,mass_est,pos_err,D_DT_err,beta_err,sigma_err,mass_err,c11,c36,c12,c37,c13,c38,c14,c44,c15,c45,c16,c46,c17,c47,c18,c48,c22,c55,c23,c56,c24,c57,c25,c58,c26,c66,c27,c67,c28,c68,c33,c77,c34,c78,c35,c88
[from data line 27]
2016-10-31T12:03:48.486,-0.64,1,-28.836760932741235,116.38199650766133,70947.45192587814,-2512258.9262091634,5064908.241175284,-3092283.7414272227,5212296.787971853,-2178007.9863153733,-3100839.0069686747,10469.063332977576,-11438.990279893429,-1769.788180572912,-15248.4821297652,2156.5506567726607,-1744.9638676326647,15607.175782231949,15498.768238035524,550.8869306830386,3.0000018044515222e-09,18.826557367009414,62.29261422910761,23.263549490580946,13.928168739894202,1.7433272288062978e-09,1.427985235412369,3255.149444917381,-91.85166857365216,-703.5939464997156,78.27693974172848,708.3014708968061,9.1354485643405e-09,-444.40586941694386,396.854518055838,342.9345981752042,-112.43768336322583,-175.94916774328806,81.83412815118677,505.6200630255488,67.81887252494879,6.160400489615584e-08,6.482848517206919e-09,295.74554988510323,99.82386942937167,-160.33121430667308,-41.37511554922756,172.9086279878399,34.24968938799533,-124.54778157026453,3.3628147112537465e-09,51.956635070946035,44.51434741549943,-53.057869022910516,-3.398778949344439,-6.201617585707139e-09,-4.72710760365872e-10,329.4747926939361,193.99388444696604,-132.99682456766246,2.392364759383873e-08,86.82326861980937,3.0391898266974456e-18
2016-10-31T12:03:48.494,-0.6324576811903961,1,-28.837348908170487,116.38166823473671,70855.44808953757,-2512179.972388097,5064821.961323055,-3092297.08955519,5212181.779300002,-2177991.72088385,-3100852.167858715,10468.995598332995,-11438.96745946689,-1769.7393357022665,-15248.418068919535,2156.5609876931285,-1744.915143904494,15607.108082312685,15498.701163569125,550.8858627567097,3.0000018044515222e-09,18.826447878095085,62.212790820154886,23.26290458275326,13.927562284088205,1.7433272288062674e-09,1.427917522324088,3248.4671234841726,-91.5179651271699,-699.7095479800546,78.24807115999519,705.9758006177802,9.131880547965198e-09,-441.56167950635853,396.8237100210705,342.1013556045306,-112.44590289432108,-175.34786703299815,81.8334894819712,506.10970167599027,67.76564310712295,6.165287614558125e-08,6.476601750370527e-09,293.8724582927301,99.8249120076814,-159.28682915814696,-41.375991491656556,172.07967853680836,34.25404479351684,-123.79624644411281,3.3635018839880573e-09,51.64648849503862,44.514107597530774,-52.79737543753929,-3.404299646961713,-6.176251409399665e-09,-4.73409567534195e-10,328.0917598554459,193.9769911771563,-132.40287813253144,2.3922573833966354e-08,86.51331323593747,3.03918982669734e-18
2016-10-31T12:03:48.514,-0.6118821577142617,1,-28.83895296929679,116.38077234289375,70604.46574838633,-2511964.5604748586,5064586.603627192,-3092333.501491158,5211868.036983097,-2177947.348230639,-3100888.0690258984,10468.805077915556,-11438.89905868083,-1769.605185972061,-15248.235038142822,2156.5882193671855,-1744.7812808829967,15606.914940125063,15498.509807219514,550.8828773804456,3.0000018044515222e-09,18.82614180529571,61.99693717889125,23.26109323824799,13.925866568419064,1.7433272288062372e-09,1.4277281952854728,3230.455507754187,-90.60775539636805,-689.1765902507,78.1688866130191,699.6771411513707,9.12211941273286e-09,-433.814015343457,396.73722780646364,339.82896669277426,-112.46876617083906,-173.70862207126024,81.83163866923724,507.44178500143624,67.61688190058173,6.178595245393788e-08,6.459141885530229e-09,288.82028990970935,99.82780458608873,-156.4615139054495,-41.37842362824946,169.81868418413458,34.26621458973422,-121.74606276889325,3.365422593377643e-09,50.80044237020761,44.51342624591396,-52.08647503042498,-3.419726344610455,-6.107025450047886e-09,-4.753625916652164e-10,324.3444218994918,193.92975968141175,-130.78401265926456,2.3919571472770385e-08,85.66784973502395,3.0391898266972345e-18
2016-10-31T12:03:48.526,-0.6,1,-28.839879336668353,116.38025505705917,70459.52946113647,-2511840.174119738,5064450.682643165,-3092354.527755885,5211686.855710035,-2177921.7232196094,-3100908.8003292717,10468.691275428648,-11438.855378383389,-1769.5270593632013,-15248.123707464718,2156.6032976822294,-1744.7033336218014,15606.797730528357,15498.393597533663,550.8811042927564,3.0000018044515222e-09,18.825960022774222,61.8735627411466,23.26001638364363,13.924859605903235,1.743327228806207e-09,1.4276157680160508,3220.199190359693,-90.08222675690938,-683.1364070366341,78.12287049533161,696.0702637280623,9.116463984138604e-09,-429.3482258201518,396.6858146067672,338.5172571148748,-112.48235489991353,-172.76281355914264,81.83053792666784,508.20859661245896,67.52845177334285,6.186263823674371e-08,6.448761075601014e-09,285.94114324918047,99.82952590268937,-154.8457761935262,-41.37986942138432,168.51340011316478,34.273452380612056,-120.56212942313773,3.366564672519314e-09,50.31190216115216,44.51302165791353,-51.67575610240044,-3.4288967269158395,-6.067029929402357e-09,-4.765236854287722e-10,322.19743267373116,193.90171504411558,-129.85023222275402,2.391778857344567e-08,85.17968608324834,3.039189826697129e-18
2016-10-31T12:03:48.546,-0.58,1,-28.8414386572955,116.37938423593613,70215.57909136832,-2511630.803763576,5064221.905547932,-3092389.916973464,5211381.89519032,-2177878.590909123,-3100943.693074761,10468.493109018316,-11438.774714400022,-1769.3944587525912,-15247.926741594165,2156.6275762267132,-1744.571040870113,15606.590649178495,15498.188298514333,550.8780364392193,3.0000018044515222e-09,18.82564549955338,61.668025711029,23.258143449610706,13.923117120550547,1.7433272288061766e-09,1.4274212247841194,3203.1750616763134,-89.19781853603436,-673.0397805956284,78.0449210397137,690.0495698454066,9.10691308159964e-09,-421.84457599733105,396.5964482632693,336.3102162756355,-112.50573417131834,-171.17212334122013,81.82855864658605,509.49505273657786,67.37549952756486,6.19914307644613e-08,6.430803522606604e-09,281.1585068114493,99.83247914637815,-152.15237607530656,-41.38235202256606,166.31677428982633,34.285968955354896,-118.56935033077627,3.3685403931464295e-09,49.48963369718869,44.51230931302199,-50.984124272123395,-3.4447559368993423,-5.999678428265321e-09,-4.785320604649086e-10,318.6118266083719,193.85319035256774,-128.28014682813722,2.391470336180962e-08,84.35812607388745,3.0391898266970234e-18
2016-10-31T12:03:48.574,-0.5518945530961892,1,-28.843630057675252,116.37816029198218,69872.77519176308,-2511336.579698799,5063900.418653656,-3092439.643948262,5210953.349521849,-2177817.9774751347,-3100992.722383956,10468.200400814763,-11438.64586960361,-1769.205673056189,-15247.628997599175,2156.659283872114,-1744.3827440614425,15606.278469750318,15497.878579757888,550.8735427663219,3.0000018044515222e-09,18.82518480445962,61.383735599878214,23.255388347568175,13.920565158432314,1.7433272288061464e-09,1.427136309945313,3179.7578399162953,-87.9553574120901,-659.0000503329534,77.93430194508001,681.6955791887583,9.09342189591154e-09,-411.32983861463043,396.46505333297193,333.2106690132882,-112.53984164315999,-168.93973091344753,81.82557602095815,511.29363293479986,67.1514395647252,6.21717970475808e-08,6.404490958702423e-09,274.5723086162292,99.83678133074228,-148.4229693250728,-41.3859686454777,163.2310704464195,34.30430733014188,-115.76901112350889,3.371435606675455e-09,48.33423833315538,44.51125253249544,-50.011521684540824,-3.4679854426503542,-5.904962957332411e-09,-4.81474509891589e-10,313.63284766323113,193.78213433015966,-126.07755907775098,2.391018486010281e-08,83.20388696234785,3.039189826696918e-18
2016-10-31T12:03:48.614,-0.5118625835489174,1,-28.84675163366664,116.37641686284226,69384.52952005241,-2510917.5258791693,5063442.511343384,-3092510.4632728724,5210342.966108471,-2177731.6413349663,-3101062.5480107535,10467.753435009952,-11438.429441645572,-1768.931665852666,-15247.160585432306,2156.699347103967,-1744.1094920202902,15605.788967755625,15497.392552036436,550.8667562202475,3.0000018044515222e-09,18.824489056342163,60.98808580361494,23.251193851436412,13.916711345534635,1.743327228806116e-09,1.426706063487048,3147.4219714624824,-86.1864350319046,-639.3026257080779,77.77446020300356,670.0115595308605,9.074058750638807e-09,-396.41602775495676,396.2651944901705,328.7999255820402,-112.59093754190948,-165.76624513233472,81.82082450166973,513.8358805247819,66.81305447955133,6.242738918631592e-08,6.364737814488579e-09,265.4630385795721,99.84320420417882,-143.22305658056888,-41.39137131926422,158.83806592105736,34.33200511282937,-111.7804462199441,3.37581020742777e-09,46.68876360309671,44.50961682272503,-48.624786367857816,-3.5030610227948245,-5.769910531169643e-09,-4.859192321528487e-10,306.66159994704344,193.67485467493242,-122.94820915034298,2.3903361206426742e-08,81.56041957987162,3.0391898266968124e-18
2016-10-31T12:03:48.626,-0.5,1,-28.847676699979207,116.37590033185255,69239.85501093329,-2510793.364659439,5063306.816194941,-3092531.446888369,5210162.096275887,-2177706.057245316,-3101083.237168168,10467.613907923058,-11438.357502696856,-1768.8492646925151,-15247.011350331126,2156.710018463958,-1744.0273313929433,15605.63330999575,15497.237965312226,550.8646543391784,3.0000018044515222e-09,18.82427357763103,60.87295883106167,23.24987574912422,13.915517631825878,1.7433272288060858e-09,1.4265728004825904,3138.0690452097338,-85.66240031049968,-633.533421934764,77.72655243924292,666.5976952555775,9.068285958645493e-09,-392.0096857261146,396.202508562328,327.4936622644004,-112.60644360722874,-164.8271193415451,81.81918992264946,514.5845722220209,66.7085516410909,6.250281653603175e-08,6.352458337508007e-09,262.8250465311001,99.8451308326801,-141.7074664982113,-41.39299941317318,157.53637180261674,34.34054797775016,-110.59849945622022,3.3771614165351283e-09,46.20116645648471,44.50908295470639,-48.21352342181948,-3.513888477282885,-5.729856392551091e-09,-4.872919542734854e-10,304.6230251072962,193.6416309616569,-122.0224258318305,2.3901247579361555e-08,81.07351185532715,3.039189826696707e-18
2016-10-31T12:03:48.634,-0.4918667153428933,1,-28.84831096311069,116.37554593359357,69140.66426142504,-2510708.2164293947,5063213.79122529,-3092545.833208206,5210038.088420516,-2177688.5160804437,-3101097.421608459,10467.516291166834,-11438.306147189167,-1768.7924390221015,-15246.906187895129,2156.7170077787887,-1743.9706761946416,15605.523750102408,15497.129097789171,550.863188480522,3.0000018044515222e-09,18.824123303054165,60.794588178286595,23.248959750951787,13.914685327995832,1.7433272288060557e-09,1.4264798836525663,3131.716862008567,-85.303175579681,-629.5957937710871,77.69356193309444,664.269851329981,9.064318626199384e-09,-388.99344256727784,396.1589224157717,326.59841661197,-112.61733330239419,-164.18372487171115,81.81808375939744,515.0966469596467,66.63554194482712,6.255444713101764e-08,6.343877924295386e-09,261.0325777138508,99.84649052049906,-140.67502068115013,-41.3941455256759,156.64419880218867,34.346521787841276,-109.78815360351543,3.3781057070554423e-09,45.86689035609235,44.50871656510538,-47.93146460345942,-3.521454082530678,-5.702385045198908e-09,-4.882511366830814e-10,303.2325120450459,193.61846777714248,-121.38833616096565,2.3899773863159058e-08,80.73972978168976,3.0391898266966013e-18
2016-10-31T12:03:48.644,-0.48170726701151584,1,-28.84910325074584,116.37510349749446,69016.76504146193,-2510601.88047748,5063097.580878428,-3092563.802807504,5209883.18894783,-2177666.6049828944,-3101115.1390271666,10467.392097551006,-11438.239461504487,-1768.7210734137334,-15246.771526946002,2156.7253583686356,-1743.8995312125885,15605.38347936793,15496.989767089772,550.8613287097024,3.0000018044515222e-09,18.823932647164845,60.69733902559351,23.24778781911598,13.913629144465578,1.7433272288060253e-09,1.426361976651331,3123.851076723923,-84.85449433865166,-624.6976418606947,77.65218053987059,661.3766842678698,9.059351971596945e-09,-385.2293121090946,396.1032212497295,325.48031713281443,-112.63097355092809,-163.38037961810306,81.81659314811091,515.7348041005506,66.54310719033907,6.261884078645543e-08,6.333014095700311e-09,258.81208584599,99.84818032586291,-139.3930044512339,-41.39557468895507,155.52964881036942,34.35407734290164,-108.77591087307022,3.3793011980585873e-09,45.449324319993444,44.50823690704508,-47.579033112421946,-3.531029858950701,-5.668059182511563e-09,-4.894654881224083e-10,301.5038022179238,193.58907596972193,-120.59665293828341,2.389790373721126e-08,80.32281373303968,3.0391898266964957e-18
2016-10-31T12:03:48.686,-0.44,1,-28.85235599290912,116.37328660572466,68508.14901922284,-2510165.319906286,5062620.531968487,-3092637.5651500947,5209247.29991093,-2177576.6532173697,-3101187.8661508714,10466.855476967135,-11437.93639101137,-1768.4235347029753,-15246.179057994434,2156.7550752288575,-1743.602948192912,15604.767677175796,15496.37762717147,550.853348644627,3.0000018044515222e-09,18.82311457904005,60.30566460560971,23.24272407035468,13.90909666334734,1.743327228805995e-09,1.4258560150137212,3092.3588242193964,-83.01319341212091,-604.8268765270672,77.48024054634888,649.66894871402,9.03882879419741e-09,-369.83112469169777,395.8627710528657,320.8936693174286,-112.68894254181893,-160.08780732517312,81.80990472879022,518.3368562872162,66.14687444522443,6.288199889862807e-08,6.2864313303379964e-09,249.91187768205452,99.85532211139666,-134.2187939489046,-41.40162653071985,150.95534303246225,34.38645104180124,-104.62040685180939,3.384427485907066e-09,43.73522284411609,44.50612904638233,-46.13095640882147,-3.572067159237925,-5.5270104682726245e-09,-4.946717604201173e-10,294.50248162283657,193.4629699903401,-117.35324999276332,2.3889878248898205e-08,78.61173069437808,3.03918982669639e-18
2016-10-31T12:03:48.711,-0.41509511084888623,1,-28.85429846175014,116.3722015940815,68204.454982032,-2509904.648474253,5062335.673834643,-3092681.6052907547,5208867.600268489,-2177522.939290804,-3101231.2881436986,10466.513465052114,-11437.73193933635,-1768.242198374588,-15245.793611791949,2156.76917457361,-1743.4222449140132,15604.367866156728,15495.980035151315,550.8483078335418,3.0000018044515222e-09,18.822597837715385,60.07763689547078,23.239516793983356,13.906234031484374,1.7433272288059649e-09,1.425536469239074,3074.16494211006,-81.91428722401638,-593.14349856798,77.37593947819018,642.807701615309,9.026467435404636e-09,-360.683704385287,395.7105134617285,318.1580596695765,-112.7255390931067,-158.1264349338276,81.80564098195511,519.876523457529,65.89624092252723,6.303818952215699e-08,6.256951607902361e-09,244.7625420821048,99.85983502993096,-131.19720577372098,-41.405445822173846,148.2255060393883,34.406943755803375,-102.13911546740262,3.3876722153047753e-09,42.71184671147337,44.504792326174936,-45.26528259139635,-3.598024325521711,-5.442680701718857e-09,-4.979660889228474e-10,290.3949707518666,193.38334493841415,-115.42246050609882,2.3884809404057874e-08,77.59043726589941,3.0391898266962847e-18
