data/DN161031_01_triangulation_all_timesteps.ecsv
# %ECSV 0.9
# ---
# datatype:
# - {name: datetime, datatype: string}
# - {name: t_rel, unit: s, datatype: float64}
# - {name: no_cams, datatype: int64}
# - {name: latitude, unit: deg, datatype: float64}
# - {name: longitude, unit: deg, datatype: float64}
# - {name: height, unit: m, datatype: float64}
# - {name: X_geo, unit: m, datatype: float64}
# - {name: Y_geo, unit: m, datatype: float64}
# - {name: Z_geo, unit: m, datatype: float64}
# - {name: X_eci, unit: m, datatype: float64}
# - {name: Y_eci, unit: m, datatype: float64}
# - {name: Z_eci, unit: m, datatype: float64}
# - {name: DX_DT_geo, unit: m / s, datatype: float64}
# - {name: DY_DT_geo, unit: m / s, datatype: float64}
# - {name: DZ_DT_geo, unit: m / s, datatype: float64}
# - {name: DX_DT_eci, unit: m / s, datatype: float64}
# - {name: DY_DT_eci, unit: m / s, datatype: float64}
# - {name: DZ_DT_eci, unit: m / s, datatype: float64}
# - {name: D_DT_geo, unit: m / s, datatype: float64}
# - {name: D_DT_eci, unit: m / s, datatype: float64}
# - {name: beta, unit: kg / m2, datatype: float64}
# - {name: sigma, unit: s2 / m2, datatype: float64}
# - {name: mass_est, unit: kg, datatype: float64}
# - {name: pos_err, unit: m, datatype: float64}
# - {name: D_DT_err, unit: m / s, datatype: float64}
# - {name: beta_err, unit: kg / m2, datatype: float64}
# - {name: sigma_err, unit: s2 / m2, datatype: float64}
# - {name: mass_err, unit: kg, datatype: float64}
# - {name: c11, datatype: float64}
# - {name: c36, datatype: float64}
# - {name: c12, datatype: float64}
# - {name: c37, datatype: float64}
# - {name: c13, datatype: float64}
# - {name: c38, datatype: float64}
# - {name: c14, datatype: float64}
# - {name: c44, datatype: float64}
# - {name: c15, datatype: float64}
# - {name: c45, datatype: float64}
# - {name: c16, datatype: float64}
# - {name: c46, datatype: float64}
# - {name: c17, datatype: float64}
# - {name: c47, datatype: float64}
# - {name: c18, datatype: float64}
# - {name: c48, datatype: float64}
# - {name: c22, datatype: float64}
# - {name: c55, datatype: float64}
# - {name: c23, datatype: float64}
# - {name: c56, datatype: float64}
# - {name: c24, datatype: float64}
# - {name: c57, datatype: float64}
# - {name: c25, datatype: float64}
# - {name: c58, datatype: float64}
# - {name: c26, datatype: float64}
# - {name: c66, datatype: float64}
# - {name: c27, datatype: float64}
# - {name: c67, datatype: float64}
# - {name: c28, datatype: float64}
# - {name: c68, datatype: float64}
# - {name: c33, datatype: float64}
# - {name: c77, datatype: float64}
# - {name: c34, datatype: float64}
# - {name: c78, datatype: float64}
# - {name: c35, datatype: float64}
# - {name: c88, datatype: float64}
# delimiter: ','
# meta: !!omap
# - {triangulation_method: LS}
# - {triangulation_frame: ECI}
# - {triangulation_t0: '2016-10-31T12:03:49.126'}
# - {triangulation_radiant_inf_time: '2016-10-31T12:03:47.290'}
# - {triangulation_ra_eci_inf: -8.039618147627472}
# - {triangulation_ra_eci_inf_err: 0.032140824505244976}
# - {triangulation_dec_eci_inf: 6.4887180083369564}
# - {triangulation_dec_eci_inf_err: 0.02020617320002594}
# - {triangulation_ra_ecef_inf: 132.48525131491675}
# - {triangulation_ra_ecef_inf_err: 0.032140824505244976}
# - {triangulation_dec_ecef_inf: 6.535128537814706}
# - {triangulation_dec_ecef_inf_err: 0.02020617320002594}
[...]
# - {triangulation_azimuth_inf_err: 0.054841825543180796}
# - {triangulation_radiant_end_time: '2016-10-31T12:03:53.826'}
# - {triangulation_ra_eci_end: -13.47570640156014}
# - {triangulation_ra_eci_end_err: 0.11716155352943479}
# - {triangulation_dec_eci_end: 6.420975536868736}
# - {triangulation_dec_eci_end_err: 0.020636690895004244}
# - {triangulation_ra_ecef_end: 132.35388979618455}
# - {triangulation_ra_ecef_end_err: 0.11716155352943479}
# - {triangulation_dec_ecef_end: 6.340261079334499}
# - {triangulation_dec_ecef_end_err: 0.020636690895004244}
# - {triangulation_slope_end: 53.650847049849475}
# - {triangulation_slope_end_err: 0.028872617004886216}
# - {triangulation_azimuth_end: 15.480716526535206}
# - {triangulation_azimuth_end_err: 0.19345592259441594}
# - {triangulation_file_0: 33_2016-10-31_120329_S_DSC_0080-G_DN161031_01_2019-07-08_113355_trent_nocomment.ecsv}
# - {triangulation_file_1: 16_2016-10-31_120328_S_DSC_0326-G_DN161031_01_2019-07-08_114340_trent_nocomment.ecsv}
# - {triangulation_file_2: 07_2016-10-31_120329_S_DSC_0061-G_DN161031_01_2019-07-08_113046_trent_nocomment.ecsv}
# - {telescope: multiple_telescopes_0}
# - {astropy_version: 3.0.1}
# - {numpy_version: 1.14.2}
# - {scipy_version: 1.0.1}
# - {event_codename: DN161031_01}
# schema: astropy-2.0
datetime,t_rel,no_cams,latitude,longitude,height,X_geo,Y_geo,Z_geo,X_eci,Y_eci,Z_eci,DX_DT_geo,DY_DT_geo,DZ_DT_geo,DX_DT_eci,DY_DT_eci,DZ_DT_eci,D_DT_geo,D_DT_eci,beta,sigma,mass_est,pos_err,D_DT_err,beta_err,sigma_err,mass_err,c11,c36,c12,c37,c13,c38,c14,c44,c15,c45,c16,c46,c17,c47,c18,c48,c22,c55,c23,c56,c24,c57,c25,c58,c26,c66,c27,c67,c28,c68,c33,c77,c34,c78,c35,c88
[from data line 157]
2016-10-31T12:03:51.614,2.488121144383059,1,-29.077742984059242,116.24718732089929,33471.55175515836,-2480067.570364123,5029701.969111288,-3097701.78365851,5165394.994423105,-2171342.776272905,-3106180.6920535606,9496.347811486909,-10395.641802574157,-1590.8717869096436,-13830.543532221382,1999.6327777157708,-1568.3538812771985,14169.716415177283,14062.083755237103,276.7372305833723,3.0000018044515222e-09,2.3866364861724714,54.3273537199666,34.93103690683448,7.831068411418234,1.7433272288023323e-09,0.20261003794470758,2296.1306559654167,26.812319193719095,-145.39681480026852,21.73029265151755,324.0476648126869,3.6057637682442804e-09,-706.106263071294,1058.4703343503622,105.18808571638999,-261.7674737406615,-76.05950512782432,169.26047978764987,255.67398102422962,-228.11441370954321,4.5326723579690245e-08,-5.127763219390335e-08,491.6677345163965,111.44817916065568,-122.46045588619819,-55.31578949253946,-298.8297240787981,50.986629695694575,188.18473961551732,9.671534705133474e-09,-85.76312457856166,50.258825875614484,55.98703876141259,-31.604094584062562,8.325389531583544e-09,-6.849578997949932e-09,163.66297173255532,61.3256324643125,-30.58418702805744,1.2989374009803213e-08,-26.857931504112884,3.0391898266836197e-18
2016-10-31T12:03:51.674,2.5481087490011314,1,-29.081994484598102,116.24480473927356,32814.495275868525,-2479502.678402094,5029083.571032852,-3097796.407743513,5164572.353635426,-2171223.6333328052,-3106273.9767643935,9335.425990882592,-10219.85919886517,-1563.6070018596947,-13593.755894709146,1972.3022889901713,-1541.4743129217056,13929.844483415452,13822.312350019189,275.80439323249703,3.0000018044515222e-09,2.3625828295692655,53.68964147214395,39.993223204419266,7.313729408867041,1.7433272288023021e-09,0.1879515911873708,2201.011589246549,26.720016025019078,-158.0354721601815,18.716513294555103,316.7566088873921,3.1618055171279563e-09,-873.2768980105991,1427.9504246627741,115.56429393829859,-316.6069538957323,-91.78083250312584,212.6943201898663,227.57060191964553,-257.21556706189534,4.195078987871304e-08,-6.118271094236944e-08,514.6953071839653,117.01522497639704,-129.3909984005791,-61.02107210477685,-344.69470969373697,52.77579511735685,195.70165063495642,1.0757700859756687e-08,-91.5499206734571,54.49225263932823,56.3195028101295,-34.41525050253427,8.938488428366689e-09,-7.94128769980075e-09,166.87070497684505,53.49063786612663,-43.263235800203105,1.2037185748159908e-08,-27.01330038968436,3.0391898266835142e-18
2016-10-31T12:03:51.814,2.688120059578524,1,-29.09161923985084,116.23941039637366,31327.517549701442,-2478224.226732467,5027683.938867066,-3098010.4879940543,5162711.182688109,-2170952.35182875,-3106485.026680136,8916.662952723203,-9762.277151504437,-1492.7600028878078,-12977.46692452007,1901.1152380507126,-1471.6298955999732,13305.535157274722,13198.279489198,273.4655838529648,3.0000018044515222e-09,2.3029872645280016,51.625208118377806,51.48349080697935,6.033004859164246,1.743327228802272e-09,0.15242064279241668,1918.6928510098198,28.05573519251194,-197.75898374082,11.726877404787738,295.06788348874494,1.8854178618218552e-09,-1096.2168400716873,2454.374956089302,118.54611964585598,-457.2823804184358,-109.60057663152236,330.53644389372704,159.84531154133828,-288.18379011308235,3.188685675582491e-08,-8.155591281966712e-08,571.9904395982419,130.33382481586824,-147.11731144994633,-75.40721212801928,-464.10521449413903,52.51998951496629,213.3607957015206,1.2957933573331801e-08,-105.95933494056199,65.84104476715677,55.853450801005486,-36.793643993191786,1.0607271649452464e-08,-1.0175644298963123e-08,174.4788226577599,36.3971476306994,-55.02591082237822,9.640115662017196e-09,-29.24463295066108,3.0391898266834087e-18
2016-10-31T12:03:51.874,2.7481076641965965,1,-29.095603060422043,116.23717738594294,30712.235850329984,-2477695.2101787324,5027104.741874634,-3098099.0426594773,5161941.339376706,-2170839.3075071583,-3106572.327856921,8719.102042234786,-9546.343745467591,-1459.3775255847722,-12686.6779878368,1867.504747798116,-1438.7204781623261,13010.964687205671,12903.847835602948,272.40604253250325,3.0000018044515222e-09,2.276322100898287,50.61510614135926,55.61543705789594,5.464584358957597,1.7433272288022415e-09,0.13699205090541317,1785.9529648375214,29.380086645595533,-220.29718628911297,9.007835448011056,285.2910267454701,1.252191254176843e-09,-1105.3520774739527,2887.8590739145952,109.40629780973359,-512.9339285970883,-107.61159682408339,379.20837688894466,132.2170166027936,-284.1200374597252,2.6784739604060634e-08,-8.828535912861545e-08,598.0174183775964,134.9023483076198,-155.46283928307847,-80.87686229470104,-516.7205279590746,50.36789550388718,220.45902627613773,1.3661691375965074e-08,-112.06861148800131,70.31541691856947,54.88548122496673,-35.862607021549984,1.1406636530332618e-08,-1.0906419173054983e-08,177.91858648594646,29.861682216164013,-51.4317902328885,8.548899812896707e-09,-31.064349662772056,3.039189826683303e-18
2016-10-31T12:03:51.914,2.788099400608645,1,-29.098208696657608,116.2357168071246,30309.86992283039,-2477349.252333012,5026725.955743252,-3098156.943921078,5161438.001693353,-2170765.0880453913,-3106629.4095569258,8581.611958014995,-9396.049487331866,-1436.1581184826791,-12484.294532888509,1844.1057151177324,-1415.830317934944,12805.950175899447,12698.933473391518,271.68503007274086,3.0000018044515222e-09,2.2582947882038966,49.94405290090035,58.00932029889249,5.084518635758228,1.7433272288022113e-09,0.12679029756535481,1698.2669299379577,30.482420688947613,-237.45838512580175,7.363104738988408,279.10451100337826,8.077987165964115e-10,-1083.5567036943653,3154.8667679015994,100.08015560348612,-546.1103259363119,-103.21834596249361,408.8138403224736,114.95797083030347,-276.17427271345554,2.3177756103822452e-08,-9.198835604652555e-08,615.8300222878263,137.29306405941642,-161.29472922167534,-84.02693176149505,-551.3107893359281,48.326571040774375,224.90299016733596,1.4037739054840524e-08,-116.00569988036277,72.9214095784846,53.923105031210696,-34.656227555817814,1.1960778270427316e-08,-1.1305072573934393e-08,180.31146794214936,25.85232975737272,-46.37651568071828,7.804812716112918e-09,-32.52333400798327,3.0391898266831976e-18
2016-10-31T12:03:51.934,2.8081355019498924,1,-29.09949850046745,116.2349937928873,30110.71458476778,-2477178.015293905,5026538.466257218,-3098185.5999070774,5161188.902907396,-2170728.259362115,-3106657.659934284,8511.052348520258,-9318.913467131471,-1424.2456315127201,-12380.428085581903,1832.0949822848856,-1404.086804754967,12700.733675895246,12593.769545361138,271.32018445436853,3.0000018044515222e-09,2.249209013400977,49.61489643581881,59.085018396614075,4.894844235675963,1.743327228802181e-09,0.12173286476511085,1655.20791024748,31.091483830822092,-246.7246075718584,6.599453100447634,276.1689750255143,5.795475369264139e-10,-1064.6973138266399,3278.720344950663,94.50773905797574,-561.1495946532909,-100.15035787578996,422.4177623702706,106.7517911353539,-270.7323747922799,2.1318379533954576e-08,-9.358561359179753e-08,624.8849734874892,138.24688591222133,-164.29774773542894,-85.41102571732566,-568.2633916742749,47.1364476708014,227.01360034966314,1.4195555659213239e-08,-117.91092890905732,74.07216806533923,53.33868935154979,-33.88901500893211,1.224365513048561e-08,-1.1475681406114368e-08,181.5450646020567,23.959500091530202,-43.11901929096376,7.427852269235195e-09,-33.31713837119521,3.039189826683092e-18
2016-10-31T12:03:52.726,3.6,1,-29.140849689955665,116.21180735512712,23731.401182793878,-2471692.812511483,5020531.087325203,-3099102.0765933455,5153232.229388949,-2169491.312047765,-3107561.178181395,5289.028129775613,-5794.356613349043,-881.7844030326232,-7635.948473059197,1282.5976132311498,-869.3440623754849,7894.677374893233,7791.567545716897,258.2029702204187,3.0000018044515222e-09,1.9385062510102355,48.232948463342765,39.095252847332674,4.226682675767887,1.7433272288021507e-09,0.09519779088154867,1105.2534082629,32.274247883736805,-770.3290404235822,11.825737050367696,284.76843062441134,-6.5673943177935774e-09,-107.67904622658547,1449.8073243598242,-81.38276237030595,-215.84134752246203,20.019107771703908,170.46563756151744,73.93521753375278,-50.581356257798724,-3.675153987077626e-08,-1.4673519090291269e-08,978.7033041170853,50.682630306469946,-293.934816886791,-31.35424091251316,-352.2786037887134,6.075665533993728,170.55589195368898,3.762493200183301e-09,-82.05441855037951,27.948840530579297,-10.31123172107848,-4.990699700389644,2.113006976024959e-08,-2.2784294734652758e-09,242.4606050874944,17.864846441636388,-5.029828290891185,-6.1748948791680836e-09,-38.16542530418424,3.0391898266829865e-18
2016-10-31T12:03:52.786,3.66,1,-29.14319074966787,116.21049418156566,23370.49969397439,-2471382.507030964,5020191.142072508,-3099153.7992855143,5152784.450528822,-2169415.559410773,-3107612.1713344054,5055.2772792107025,-5538.551815437941,-842.4956881701946,-7291.674152915449,1242.6821833470754,-830.6154136045939,7545.938216456602,7443.298524607287,257.50781695363906,3.0000018044515222e-09,1.9228913933361187,48.30092265632792,37.80975182167592,4.568578470443815,1.7433272288021205e-09,0.1023450121769939,1088.4758856092071,29.313569986374585,-793.6541469285099,13.017698111409555,284.8816030427609,-6.6645239984499794e-09,-171.55780479594162,1359.1373199326633,-72.21254287844121,-193.83632316013734,11.893227307849616,157.01775555695065,78.95138635495151,-71.92520930748788,-3.728476432813151e-08,-3.1888203311180212e-09,998.3477726943125,45.05145485220269,-300.7378233451579,-27.970227917711444,-271.9575549457489,8.072968577654594,156.88396211044082,2.3351370045642235e-09,-71.60449226225796,25.38855803185931,-14.992665367592553,-7.252468440502175,2.131267873004603e-08,-9.692892207985028e-10,246.1554711490518,20.871909240602747,-22.9711259741622,-6.885547562081408e-09,-34.98382749245547,3.039189826682881e-18
2016-10-31T12:03:52.826,3.7,1,-29.14469343576446,116.20965136757006,23138.85084413659,-2471183.3481204873,5019972.935425665,-3099186.9866478224,5152497.274510254,-2169366.3728421237,-3107644.890796096,4903.363163852413,-5372.299933661109,-816.9643702860922,-7067.92776950234,1216.7388720190513,-805.4481015429569,7319.290107391348,7216.980191317119,257.07380492692886,3.0000018044515222e-09,1.9131850605371288,48.2915391759598,37.472880869086715,4.786319012778548,1.7433272288020902e-09,0.10686169327305331,1073.1125762381375,27.354247992007835,-806.2462934063948,13.670533754357873,284.10143555992676,-6.6863782661623516e-09,-212.8158163926285,1337.912249969684,-65.90273185106659,-184.40092599315892,6.5376902404666195,152.65561503634683,81.18890563539304,-88.26291698755165,-3.726389382315922e-08,4.2191478313370406e-09,1010.5374293704562,42.05559127726568,-304.82203639691943,-26.347018156011565,-219.0680102735773,9.69497585919061,147.80865670862954,1.4138637255047773e-09,-64.70559240353856,24.248959381815546,-17.833362882003513,-9.0080417891611,2.1387623865690467e-08,-1.2498942308305902e-10,248.42275037466587,22.908849692085415,-34.61601718674564,-7.32759590308649e-09,-32.855180609813154,3.0391898266827754e-18
2016-10-31T12:03:52.886,3.76,1,-29.14686287585039,116.20843456605824,22804.42579244738,-2470895.8357453095,5019657.911099577,-3099234.881109644,5152083.0447033895,-2169294.5101970597,-3107692.1102869175,4681.84186228672,-5129.864682883426,-779.7373410533182,-6741.656035993833,1178.9051885078793,-768.751871323889,6988.787105727857,6886.996659706382,256.46585015705585,3.0000018044515222e-09,1.8996436404580948,48.19923748440898,37.69535436940522,5.095554183031606,1.74332722880206e-09,0.11322837437200205,1044.166009031538,24.51395244442456,-820.7344020068352,14.409282735332438,281.6904683799702,-6.65712557699631e-09,-267.84389533929004,1359.0132440692437,-56.78976977047239,-177.39800556081252,-0.8349668442070151,152.34381503307966,82.64469947033791,-115.07600511812596,-3.668826445661777e-08,1.4867340112943743e-08,1027.4672291851987,38.613723317065904,-310.27624090353754,-24.78064396471537,-141.82129826369734,12.457970812227973,134.41237743454317,8.817804780981609e-11,-54.591139654875455,23.312773648727816,-21.646205724547592,-11.91533503548778,2.14323176445505e-08,1.0885659113244885e-09,251.53325586171968,25.964672432210893,-51.002444327296544,-7.944451731556432e-09,-29.73595291814468,3.03918982668267e-18
2016-10-31T12:03:52.926,3.8,1,-29.14825429555798,116.20765395956549,22589.93842665579,-2470711.427176829,5019455.870721863,-3099265.587184906,5151817.615647542,-2169247.8453502,-3107722.383830924,4538.610290006484,-4973.106642832349,-755.6684967591427,-6530.692112753268,1154.4407936877678,-745.0262283874547,6775.087299993278,6673.659947786778,256.08841330112205,3.0000018044515222e-09,1.8912689482843945,48.091570881956116,38.25873046990069,5.28948077996291,1.7433272288020298e-09,0.11719191769829841,1021.5067335468478,22.731327222517663,-827.5686027565322,14.730632899120012,279.3296183140861,-6.598096537441186e-09,-297.2616209124048,1403.632781446681,-51.31041666841296,-176.944839806894,-4.9945460836868705,155.75539996730802,82.25381608393035,-133.97146239308688,-3.595769638600533e-08,2.1600622150985748e-08,1037.870318455563,36.95459031480633,-313.4780667481233,-24.252590374436558,-92.45199052371133,14.45617714877015,125.72777671235494,-7.514832303578907e-10,-48.09131391843294,23.14308540701992,-23.87990424713222,-13.977214205909585,2.1418906557882188e-08,1.8560398503589398e-09,253.42213789179866,27.97860692159704,-60.846853550961114,-8.325882763163987e-09,-27.75569872434469,3.0391898266825643e-18
2016-10-31T12:03:52.986,3.86,1,-29.150261843877924,116.20652791831242,22280.477648695374,-2470445.3938891175,5019164.353930535,-3099309.8722500578,5151435.022143056,-2169179.651395502,-3107766.0453920034,4330.731848928043,-4745.591643422017,-720.7378199761733,-6224.507338902457,1118.9321891163913,-710.5936785202639,6464.931662328736,6364.074499237443,255.56236933808916,3.0000018044515222e-09,1.8796380235007755,47.87556336856513,39.56798047682483,5.561601763156442,1.7433272288019994e-09,0.12271522805967071,983.8695445930312,20.28749234735207,-833.8567608623475,14.945581679734577,274.8348720569393,-6.453879310134133e-09,-326.7697879382876,1506.895119095156,-44.49597008220513,-181.46546903897084,-9.663424728816691,165.22790427237408,79.53308627231392,-163.0082870707294,-3.437347740469725e-08,3.107339354737185e-08,1052.1998898990876,35.282701043356184,-317.6636984312595,-24.106653780865035,-22.667750443688337,17.584507986391877,113.22075983386709,-1.9354716947284365e-09,-38.83409288390098,23.447258875879047,-26.762316927857572,-17.160324277676818,2.1337817209626847e-08,2.9360995139238838e-09,256.0001333653768,30.931414171944837,-73.49273807413309,-8.855304588059021e-09,-25.005706891962348,3.0391898266824588e-18
