data/DN161031_01_triangulation_all_timesteps.ecsv
# %ECSV 0.9
# ---
# datatype:
# - {name: datetime, datatype: string}
# - {name: t_rel, unit: s, datatype: float64}
# - {name: no_cams, datatype: int64}
# - {name: latitude, unit: deg, datatype: float64}
# - {name: longitude, unit: deg, datatype: float64}
# - {name: height, unit: m, datatype: float64}
# - {name: X_geo, unit: m, datatype: float64}
# - {name: Y_geo, unit: m, datatype: float64}
# - {name: Z_geo, unit: m, datatype: float64}
# - {name: X_eci, unit: m, datatype: float64}
# - {name: Y_eci, unit: m, datatype: float64}
# - {name: Z_eci, unit: m, datatype: float64}
# - {name: DX_DT_geo, unit: m / s, datatype: float64}
# - {name: DY_DT_geo, unit: m / s, datatype: float64}
# - {name: DZ_DT_geo, unit: m / s, datatype: float64}
# - {name: DX_DT_eci, unit: m / s, datatype: float64}
# - {name: DY_DT_eci, unit: m / s, datatype: float64}
# - {name: DZ_DT_eci, unit: m / s, datatype: float64}
# - {name: D_DT_geo, unit: m / s, datatype: float64}
# - {name: D_DT_eci, unit: m / s, datatype: float64}
# - {name: beta, unit: kg / m2, datatype: float64}
# - {name: sigma, unit: s2 / m2, datatype: float64}
# - {name: mass_est, unit: kg, datatype: float64}
# - {name: pos_err, unit: m, datatype: float64}
# - {name: D_DT_err, unit: m / s, datatype: float64}
# - {name: beta_err, unit: kg / m2, datatype: float64}
# - {name: sigma_err, unit: s2 / m2, datatype: float64}
# - {name: mass_err, unit: kg, datatype: float64}
# - {name: c11, datatype: float64}
# - {name: c36, datatype: float64}
# - {name: c12, datatype: float64}
# - {name: c37, datatype: float64}
# - {name: c13, datatype: float64}
# - {name: c38, datatype: float64}
# - {name: c14, datatype: float64}
# - {name: c44, datatype: float64}
# - {name: c15, datatype: float64}
# - {name: c45, datatype: float64}
# - {name: c16, datatype: float64}
# - {name: c46, datatype: float64}
# - {name: c17, datatype: float64}
# - {name: c47, datatype: float64}
# - {name: c18, datatype: float64}
# - {name: c48, datatype: float64}
# - {name: c22, datatype: float64}
# - {name: c55, datatype: float64}
# - {name: c23, datatype: float64}
# - {name: c56, datatype: float64}
# - {name: c24, datatype: float64}
# - {name: c57, datatype: float64}
# - {name: c25, datatype: float64}
# - {name: c58, datatype: float64}
# - {name: c26, datatype: float64}
# - {name: c66, datatype: float64}
# - {name: c27, datatype: float64}
# - {name: c67, datatype: float64}
# - {name: c28, datatype: float64}
# - {name: c68, datatype: float64}
# - {name: c33, datatype: float64}
# - {name: c77, datatype: float64}
# - {name: c34, datatype: float64}
# - {name: c78, datatype: float64}
# - {name: c35, datatype: float64}
# - {name: c88, datatype: float64}
# delimiter: ','
# meta: !!omap
# - {triangulation_method: LS}
# - {triangulation_frame: ECI}
# - {triangulation_t0: '2016-10-31T12:03:49.126'}
# - {triangulation_radiant_inf_time: '2016-10-31T12:03:47.290'}
# - {triangulation_ra_eci_inf: -8.039618147627472}
# - {triangulation_ra_eci_inf_err: 0.032140824505244976}
# - {triangulation_dec_eci_inf: 6.4887180083369564}
# - {triangulation_dec_eci_inf_err: 0.02020617320002594}
# - {triangulation_ra_ecef_inf: 132.48525131491675}
# - {triangulation_ra_ecef_inf_err: 0.032140824505244976}
# - {triangulation_dec_ecef_inf: 6.535128537814706}
# - {triangulation_dec_ecef_inf_err: 0.02020617320002594}
[...]
# - {triangulation_azimuth_inf_err: 0.054841825543180796}
# - {triangulation_radiant_end_time: '2016-10-31T12:03:53.826'}
# - {triangulation_ra_eci_end: -13.47570640156014}
# - {triangulation_ra_eci_end_err: 0.11716155352943479}
# - {triangulation_dec_eci_end: 6.420975536868736}
# - {triangulation_dec_eci_end_err: 0.020636690895004244}
# - {triangulation_ra_ecef_end: 132.35388979618455}
# - {triangulation_ra_ecef_end_err: 0.11716155352943479}
# - {triangulation_dec_ecef_end: 6.340261079334499}
# - {triangulation_dec_ecef_end_err: 0.020636690895004244}
# - {triangulation_slope_end: 53.650847049849475}
# - {triangulation_slope_end_err: 0.028872617004886216}
# - {triangulation_azimuth_end: 15.480716526535206}
# - {triangulation_azimuth_end_err: 0.19345592259441594}
# - {triangulation_file_0: 33_2016-10-31_120329_S_DSC_0080-G_DN161031_01_2019-07-08_113355_trent_nocomment.ecsv}
# - {triangulation_file_1: 16_2016-10-31_120328_S_DSC_0326-G_DN161031_01_2019-07-08_114340_trent_nocomment.ecsv}
# - {triangulation_file_2: 07_2016-10-31_120329_S_DSC_0061-G_DN161031_01_2019-07-08_113046_trent_nocomment.ecsv}
# - {telescope: multiple_telescopes_0}
# - {astropy_version: 3.0.1}
# - {numpy_version: 1.14.2}
# - {scipy_version: 1.0.1}
# - {event_codename: DN161031_01}
# schema: astropy-2.0
datetime,t_rel,no_cams,latitude,longitude,height,X_geo,Y_geo,Z_geo,X_eci,Y_eci,Z_eci,DX_DT_geo,DY_DT_geo,DZ_DT_geo,DX_DT_eci,DY_DT_eci,DZ_DT_eci,D_DT_geo,D_DT_eci,beta,sigma,mass_est,pos_err,D_DT_err,beta_err,sigma_err,mass_err,c11,c36,c12,c37,c13,c38,c14,c44,c15,c45,c16,c46,c17,c47,c18,c48,c22,c55,c23,c56,c24,c57,c25,c58,c26,c66,c27,c67,c28,c68,c33,c77,c34,c78,c35,c88
[from data line 183]
2016-10-31T12:03:53.726,4.6,1,-29.16864341347363,116.19621595636666,19446.29897299868,-2468009.775125524,5016494.453266648,-3099713.967319844,5147961.772669536,-2168483.0415270254,-3108164.476777397,2454.0470701750837,-2691.4693314167666,-405.3065887177363,-3460.223594068352,798.3125667706746,-399.6594987319711,3664.782069298247,3573.5385810339276,251.95647387038497,3.0000018044515222e-09,1.8011922497740556,49.929180698217024,52.25679850703792,7.4354566957666215,1.7433272288015455e-09,0.1594642927988638,1071.2203647839638,16.873887590515622,-724.8976346934415,-3.258613015817552,243.67105092173907,-1.3217898849205092e-09,788.1264174067385,2662.4302702829063,-129.4401688260926,-289.19690098082873,98.4819086471283,287.7718019785307,-119.95876085784336,-376.7429744561051,1.4429564394285362e-08,8.248855747993586e-08,1143.3558225114382,35.55112824895393,-334.5054679377533,-32.543162515393256,295.79515837686887,41.97631181724687,31.284477334404386,-8.665264207213845e-09,11.39340073540293,32.79159167330038,-26.347539787356148,-40.93623538576855,1.6597039605627712e-08,8.863507162686234e-09,278.34689789980587,55.286016274620685,-4.315667202938163,-1.2383529189687054e-08,-18.81155202746353,3.0391898266808757e-18
2016-10-31T12:03:53.786,4.66,1,-29.169730877367765,116.19560588543851,19278.511772066067,-2467865.674082233,5016336.396648907,-3099737.7578497673,5147758.780205295,-2168435.6786397924,-3108187.935992205,2350.4640089552063,-2578.0934131981057,-387.87665705615655,-3307.6503922718384,780.6197049170123,-382.4777743377881,3510.2272014298874,3419.9718550103826,251.8163973253776,3.0000018044515222e-09,1.7981897723321574,51.005070529147936,51.96913930055497,7.506961094456676,1.743327228801515e-09,0.16081884426181903,1174.1029307615095,17.838018369968168,-715.4784205036648,-5.669415733886315,250.19990485348544,-7.887869390896387e-10,926.0183512312387,2633.5425485150113,-142.6973451600773,-286.29888157455446,112.86308803046691,284.7637139978321,-143.30217632083614,-379.0614442166693,1.9386833787299337e-08,8.269541073491705e-08,1146.9850701048651,34.91031981837222,-334.967713677606,-32.13369440974386,289.98377514749797,42.292112290409555,29.26870956021305,-8.730761597361781e-09,11.618337785300485,32.3385713071039,-24.566988891858365,-41.20965769183263,1.6074943320202537e-08,8.896660686869811e-09,280.4292188169805,56.354464873686176,10.55561815467999,-1.2515445979778193e-08,-19.665872522122612,3.03918982668077e-18
2016-10-31T12:03:53.826,4.7,1,-29.170430343524995,116.19521347974522,19170.57584110794,-2467772.9836811423,5016234.72180852,-3099753.0498980456,5147628.426036797,-2168404.6801807256,-3108203.0152545157,2284.624452296784,-2506.0303023484394,-376.79529664479196,-3210.672431610479,769.3745996082423,-371.5541822383838,3411.989369839043,3322.4098555061996,251.73052526603826,3.0000018044515222e-09,1.7963507942962553,51.7971296084229,51.69568593186,7.550686236607194,1.7433272288014849e-09,0.16164524986721251,1251.7805668377798,18.491925268979873,-709.8566464087967,-7.298033372769984,255.52158174973377,-4.328492021564751e-10,1015.6317163973125,2606.0925303566273,-151.3611518638139,-283.4737751614901,122.2235043584551,281.86201880545053,-158.99169029181576,-379.69639740084665,2.269412780350947e-08,8.264636892075688e-08,1149.279730175659,34.4053499325173,-335.3007989600263,-31.769039707396995,284.9989969523099,42.398058296340366,28.129226137291347,-8.75136843651683e-09,11.620154952111603,31.946063676363462,-23.318845629909994,-41.29083658680055,1.5725244080747762e-08,8.897619124645566e-09,281.882338658322,57.01286264368932,20.409728564485686,-1.2596043156236057e-08,-20.25366797513593,3.0391898266806646e-18
