data/DN161031_01_triangulation_all_timesteps.ecsv
# %ECSV 0.9
# ---
# datatype:
# - {name: datetime, datatype: string}
# - {name: t_rel, unit: s, datatype: float64}
# - {name: no_cams, datatype: int64}
# - {name: latitude, unit: deg, datatype: float64}
# - {name: longitude, unit: deg, datatype: float64}
# - {name: height, unit: m, datatype: float64}
# - {name: X_geo, unit: m, datatype: float64}
# - {name: Y_geo, unit: m, datatype: float64}
# - {name: Z_geo, unit: m, datatype: float64}
# - {name: X_eci, unit: m, datatype: float64}
# - {name: Y_eci, unit: m, datatype: float64}
# - {name: Z_eci, unit: m, datatype: float64}
# - {name: DX_DT_geo, unit: m / s, datatype: float64}
# - {name: DY_DT_geo, unit: m / s, datatype: float64}
# - {name: DZ_DT_geo, unit: m / s, datatype: float64}
# - {name: DX_DT_eci, unit: m / s, datatype: float64}
# - {name: DY_DT_eci, unit: m / s, datatype: float64}
# - {name: DZ_DT_eci, unit: m / s, datatype: float64}
# - {name: D_DT_geo, unit: m / s, datatype: float64}
# - {name: D_DT_eci, unit: m / s, datatype: float64}
# - {name: beta, unit: kg / m2, datatype: float64}
# - {name: sigma, unit: s2 / m2, datatype: float64}
# - {name: mass_est, unit: kg, datatype: float64}
# - {name: pos_err, unit: m, datatype: float64}
# - {name: D_DT_err, unit: m / s, datatype: float64}
# - {name: beta_err, unit: kg / m2, datatype: float64}
# - {name: sigma_err, unit: s2 / m2, datatype: float64}
# - {name: mass_err, unit: kg, datatype: float64}
# - {name: c11, datatype: float64}
# - {name: c36, datatype: float64}
# - {name: c12, datatype: float64}
# - {name: c37, datatype: float64}
# - {name: c13, datatype: float64}
# - {name: c38, datatype: float64}
# - {name: c14, datatype: float64}
# - {name: c44, datatype: float64}
# - {name: c15, datatype: float64}
# - {name: c45, datatype: float64}
# - {name: c16, datatype: float64}
# - {name: c46, datatype: float64}
# - {name: c17, datatype: float64}
# - {name: c47, datatype: float64}
# - {name: c18, datatype: float64}
# - {name: c48, datatype: float64}
# - {name: c22, datatype: float64}
# - {name: c55, datatype: float64}
# - {name: c23, datatype: float64}
# - {name: c56, datatype: float64}
# - {name: c24, datatype: float64}
# - {name: c57, datatype: float64}
# - {name: c25, datatype: float64}
# - {name: c58, datatype: float64}
# - {name: c26, datatype: float64}
# - {name: c66, datatype: float64}
# - {name: c27, datatype: float64}
# - {name: c67, datatype: float64}
# - {name: c28, datatype: float64}
# - {name: c68, datatype: float64}
# - {name: c33, datatype: float64}
# - {name: c77, datatype: float64}
# - {name: c34, datatype: float64}
# - {name: c78, datatype: float64}
# - {name: c35, datatype: float64}
# - {name: c88, datatype: float64}
# delimiter: ','
# meta: !!omap
# - {triangulation_method: LS}
# - {triangulation_frame: ECI}
# - {triangulation_t0: '2016-10-31T12:03:49.126'}
# - {triangulation_radiant_inf_time: '2016-10-31T12:03:47.290'}
# - {triangulation_ra_eci_inf: -8.039618147627472}
# - {triangulation_ra_eci_inf_err: 0.032140824505244976}
# - {triangulation_dec_eci_inf: 6.4887180083369564}
# - {triangulation_dec_eci_inf_err: 0.02020617320002594}
# - {triangulation_ra_ecef_inf: 132.48525131491675}
# - {triangulation_ra_ecef_inf_err: 0.032140824505244976}
# - {triangulation_dec_ecef_inf: 6.535128537814706}
# - {triangulation_dec_ecef_inf_err: 0.02020617320002594}
[...]
# - {triangulation_azimuth_inf_err: 0.054841825543180796}
# - {triangulation_radiant_end_time: '2016-10-31T12:03:53.826'}
# - {triangulation_ra_eci_end: -13.47570640156014}
# - {triangulation_ra_eci_end_err: 0.11716155352943479}
# - {triangulation_dec_eci_end: 6.420975536868736}
# - {triangulation_dec_eci_end_err: 0.020636690895004244}
# - {triangulation_ra_ecef_end: 132.35388979618455}
# - {triangulation_ra_ecef_end_err: 0.11716155352943479}
# - {triangulation_dec_ecef_end: 6.340261079334499}
# - {triangulation_dec_ecef_end_err: 0.020636690895004244}
# - {triangulation_slope_end: 53.650847049849475}
# - {triangulation_slope_end_err: 0.028872617004886216}
# - {triangulation_azimuth_end: 15.480716526535206}
# - {triangulation_azimuth_end_err: 0.19345592259441594}
# - {triangulation_file_0: 33_2016-10-31_120329_S_DSC_0080-G_DN161031_01_2019-07-08_113355_trent_nocomment.ecsv}
# - {triangulation_file_1: 16_2016-10-31_120328_S_DSC_0326-G_DN161031_01_2019-07-08_114340_trent_nocomment.ecsv}
# - {triangulation_file_2: 07_2016-10-31_120329_S_DSC_0061-G_DN161031_01_2019-07-08_113046_trent_nocomment.ecsv}
# - {telescope: multiple_telescopes_0}
# - {astropy_version: 3.0.1}
# - {numpy_version: 1.14.2}
# - {scipy_version: 1.0.1}
# - {event_codename: DN161031_01}
# schema: astropy-2.0
datetime,t_rel,no_cams,latitude,longitude,height,X_geo,Y_geo,Z_geo,X_eci,Y_eci,Z_eci,DX_DT_geo,DY_DT_geo,DZ_DT_geo,DX_DT_eci,DY_DT_eci,DZ_DT_eci,D_DT_geo,D_DT_eci,beta,sigma,mass_est,pos_err,D_DT_err,beta_err,sigma_err,mass_err,c11,c36,c12,c37,c13,c38,c14,c44,c15,c45,c16,c46,c17,c47,c18,c48,c22,c55,c23,c56,c24,c57,c25,c58,c26,c66,c27,c67,c28,c68,c33,c77,c34,c78,c35,c88
[from data line 105]
2016-10-31T12:03:50.214,1.0881287380148033,1,-28.971507402185374,116.3066752208523,49935.61578733633,-2494216.9441942438,5045184.604580129,-3095326.3228077847,5186011.84742572,-2174285.3417677092,-3103838.796474709,10370.836510754141,-11343.33181054426,-1744.6313814809546,-15112.050984226564,2144.8576154355856,-1720.0288370368617,15468.32780730175,15360.110622667842,549.5887124453634,3.0000018044515222e-09,18.69377098299605,54.72853940320827,22.542208541381797,13.191082042562261,1.7433272288039366e-09,1.3460487513892592,2690.1356046113196,-17.5351871634294,-135.99011589936663,65.48125409924076,394.3526876450186,7.883760710394032e-09,31.853800806505575,363.49374198835164,164.25264512526724,-120.38085713971948,-55.894175844509306,80.70795935402673,561.4257140643472,8.02280748761028,6.890545777195102e-08,-8.715701291350564e-10,162.82527839054114,100.5736438782072,-42.54726252675445,-42.10468509919392,-19.24562348579427,38.991973304275895,47.66667462709416,4.17274664180474e-09,-19.20726627732771,44.08378005658751,9.558085032369672,-9.520015089661639,3.951595116424948e-11,-1.2909905464029688e-09,142.25214220665922,174.00464545360856,-16.375493331080595,2.2617255766266015e-08,17.37401002618487,3.0391898266892134e-18
2016-10-31T12:03:50.226,1.1,1,-28.972429552768208,116.30615925638425,49792.320177371024,-2494093.841699815,5045049.956535771,-3095347.0314956266,5185832.464898313,-2174259.88135339,-3103859.213128245,10368.892669388413,-11341.286211872848,-1744.244909726549,-15109.244844667102,2144.561076331227,-1719.646911669385,15465.480866562828,15357.265625332799,549.5637531286541,3.0000018044515222e-09,18.691224191820062,54.74222098485208,22.533708673192738,13.176915027952424,1.7433272288039064e-09,1.3444809899227326,2690.8982380892094,-17.057657702346813,-134.28317138216124,65.30277691098861,393.5010328576607,7.868343145092724e-09,32.47561727860304,363.1048575051433,163.21784323840873,-120.53954932195384,-55.34061495878296,80.70761568144424,560.9475827679403,6.964784377755721,6.889428391890673e-08,-1.0088162881375675e-09,163.97105426459134,100.58611448865271,-42.57464231165085,-42.11850017943338,-20.667024427604552,39.0728350225742,48.85096478998484,4.187852281323026e-09,-19.70294285000601,44.077054574525704,10.020351272628428,-9.627177864612772,8.914281551406172e-11,-1.3062243417144594e-09,141.8414660005784,173.63108965387843,-15.849681445597325,2.259212124908425e-08,16.92120286752327,3.039189826689108e-18
2016-10-31T12:03:50.274,1.1481163426328758,1,-28.97616575801495,116.30406863958974,49211.80990089266,-2493595.1233373466,5044504.461991866,-3095430.9194549415,5185105.746027812,-2174156.7228878005,-3103941.9179825857,10360.658815769946,-11332.606501598848,-1742.618726212997,-15097.348032015114,2143.2985730803302,-1718.0400782807387,15453.411961176089,15345.204726028835,549.4581483703105,3.0000018044515222e-09,18.680451085386096,54.80252500150733,22.500397899957186,13.116969387153317,1.7433272288038762e-09,1.3378502389234805,2694.1208531808916,-15.13055418202141,-127.66357085918521,64.55599092595767,390.1784685849493,7.803962499667375e-09,34.33501226499607,361.5797877340344,159.07121120767462,-121.2166185159792,-53.164808066087815,80.71720410624071,558.7788693360952,2.5313742504886094,6.883195934234502e-08,-1.587096700219069e-09,168.9031052770665,100.63857022856259,-42.80092486685109,-42.17728217076446,-26.472483271241224,39.41006796032669,53.65177956653601,4.251487698799911e-09,-21.715194847731187,44.04954769380077,11.899250215623752,-10.075697202717883,2.921640168716051e-10,-1.3704000811426417e-09,140.29278808287796,172.05488590351723,-13.782974784669971,2.2485757890942727e-08,15.091945174117404,3.0391898266890023e-18
2016-10-31T12:03:50.286,1.16,1,-28.97708814627177,116.30355255852578,49068.51157817461,-2493472.01883941,5044369.799751961,-3095451.625673227,5184926.352509952,-2174131.254599747,-3103962.3321415666,10358.534396970557,-11330.363346249113,-1742.201828706544,-15094.275966436395,2142.9712631463276,-1717.6281781809732,15450.29564840738,15342.090448960715,549.4309314434443,3.0000018044515222e-09,18.677675263668373,54.81851698779708,22.492501438824473,13.101521006830842,1.7433272288038458e-09,1.3361422200029787,2694.9386803227517,-14.65696231617352,-126.10224739552132,64.36561450658422,389.3887102071969,7.787577122615863e-09,34.61136438147229,361.2176547450743,158.0608634355733,-121.3934060073646,-52.64634946165116,80.72277334143013,558.184487178648,1.3968459743042927,6.881219577542821e-08,-1.7359000752818498e-09,170.19234162731473,100.65220513507057,-42.885246074958495,-42.19264152806176,-27.916718560003094,39.49607970885345,54.83752506506344,4.267861597494021e-09,-22.212883699257727,44.042761095376015,12.36458065853302,-10.190376882464962,3.4278677000728544e-10,-1.3869115784040137e-09,139.9387827913309,171.64985269242985,-13.29083969118411,2.245834433215283e-08,14.641920717297168,3.0391898266888968e-18
2016-10-31T12:03:50.314,1.188108079044924,1,-28.979269228201588,116.30233199603991,48729.69488525867,-2493180.927103534,5044051.403989835,-3095500.581502427,5184502.185842351,-2174071.0309424307,-3104010.597417748,10353.360066987136,-11324.894138916306,-1741.190640386194,-15086.789553341454,2142.1715858958037,-1716.6291700506831,15442.701731902784,15334.501421229876,549.3646912729567,3.0000018044515222e-09,18.670920657207958,54.857931941289195,22.47448444746638,13.063919492101295,1.7433272288038156e-09,1.3319862462073533,2696.892623054998,-13.540220153909255,-122.5253534312512,63.90563088053529,387.56783377415366,7.748027657679322e-09,34.99649737752158,360.3905323458043,155.69020996482976,-121.82620624324285,-51.44758770545919,80.74130780197227,556.6825333613496,-1.3444160242844707,6.875830283334529e-08,-2.0968890527745705e-09,173.3539001510301,100.68524714681872,-43.12949556921542,-42.23017127466267,-31.35223795403778,39.70314468510136,57.642443372388364,4.307577920595444e-09,-23.39146743721821,44.02667168678531,13.467173376476067,-10.467223590062154,4.633093953412261e-10,-1.4269626158757913e-09,139.14617366908962,170.66599249610417,-12.152746103278792,2.239161480828025e-08,13.579933781786494,3.0391898266887912e-18
2016-10-31T12:03:50.326,1.2,1,-28.980191727460323,116.30181586433832,48586.40208859669,-2493057.8276309003,5043916.739162873,-3095521.2850009124,5184322.794271266,-2174045.558477416,-3104031.00886627,10351.105989334987,-11322.50915665337,-1740.7519257422537,-15083.526547545936,2141.8221777675476,-1716.1957555853405,15439.39202403778,15331.193796413543,549.3358567798618,3.0000018044515222e-09,18.667980870844296,54.875240188411425,22.467164143691004,13.047553091150471,1.7433272288037853e-09,1.3301778966953361,2697.723326332238,-13.069448619857592,-121.06113360688508,63.706864559682636,386.81697951153285,7.730951866692406e-09,35.02875336911847,360.05381054830934,154.69719577414617,-122.01646315658245,-50.95397137527647,80.75175239247383,556.0057364408013,-2.532013990477802,6.873240713682633e-08,-2.253903174527458e-09,174.7389546145426,100.69974860081548,-43.2517819044261,-42.246685961495025,-32.81331245141954,39.79265004418501,58.82916407040817,4.324852404845176e-09,-23.890611139507612,44.01990551042991,13.93446147228594,-10.587093166113467,5.146405366413702e-10,-1.4443815257960129e-09,138.82970478906412,170.2386416663902,-11.684315643680236,2.236256781013999e-08,13.13190715466113,3.0391898266886857e-18
2016-10-31T12:03:50.346,1.22,1,-28.981742825369984,116.30094787503326,48345.48366286281,-2492850.8455891344,5043690.329089165,-3095556.0925513953,5184021.179622421,-2174002.7280266047,-3104065.325379226,10347.22521298259,-11318.399839733383,-1739.998993724119,-15077.906586038043,2141.2192244164057,-1715.4519718880501,15433.691750142616,15325.497129038078,549.2862446047568,3.0000018044515222e-09,18.66292344295556,54.90514054767056,22.455321225181343,13.019393602990549,1.743327228803755e-09,1.3270673449750563,2699.119758134184,-12.279846094769455,-118.66444742009216,63.366871655114785,385.579753898886,7.701761836843664e-09,34.9167720967367,359.5081713728314,153.03930609644394,-122.34584555327676,-50.14093692920249,80.77295841122401,554.8106479916403,-4.564554010985513,6.86846024463762e-08,-2.523534733469108e-09,177.13201669340202,100.72471790184652,-43.4828458351508,-42.275261000562075,-35.28204427689929,39.945430438511096,60.82513105239538,4.354514391300581e-09,-24.73088940245286,44.00856205140195,14.721397624486697,-10.7921147659457,6.014376196724315e-10,-1.4742913839797386e-09,138.32268373187196,169.50460978959123,-10.91273793626251,2.2312587391497305e-08,12.379975053756676,3.03918982668858e-18
2016-10-31T12:03:50.374,1.24813591679822,1,-28.983924078610798,116.29972708280364,48006.72111226752,-2492559.7859828803,5043371.9642088115,-3095605.033753438,5183597.0633499585,-2173942.4951676875,-3104113.5761100976,10341.569403930413,-11312.403785203183,-1738.906784569379,-15069.711003596254,2140.3374598925016,-1714.3730834026574,15425.37953961621,15317.189991745374,549.2140050200159,3.0000018044515222e-09,18.655561027359038,54.948712527242975,22.43978155223498,12.978392469595084,1.7433272288037249e-09,1.3225401603409084,2701.0645776645965,-11.173665605669816,-115.43224087296866,62.87614892161923,383.8916125911383,7.659663373305496e-09,34.40144535267428,358.78997346887223,150.7329857716449,-122.82998656602089,-49.034001609398416,80.81114223183957,553.0054240536444,-7.499129622325795,6.860802985244656e-08,-2.9148850502174188e-09,180.63371289447852,100.76110492904255,-43.86176276720013,-42.317223440895994,-38.78060866642964,40.165074566783126,63.63334224593927,4.397560472284549e-09,-25.914805844602718,43.992717714110455,15.830647866365094,-11.08782065255909,7.24569198958251e-10,-1.517697295670521e-09,137.6627178425143,168.43867109484236,-9.86208574025596,2.2239807236485528e-08,11.325513324261024,3.0391898266884746e-18
2016-10-31T12:03:50.414,1.2881276532102683,1,-28.98702271283212,116.29799294981028,47525.54842691726,-2492146.375985136,5042919.739143445,-3095674.5435036332,5182994.642067692,-2173856.9255407103,-3104182.105112933,10333.117039751309,-11303.428868255918,-1737.2849246645346,-15057.45336529024,2139.013625580233,-1712.7711682908994,15412.948155573182,15304.76612736166,549.1061906399444,3.0000018044515222e-09,18.64457655000343,55.01331532320025,22.420325727988814,12.91720680749178,1.7433272288036945e-09,1.3157883952491705,2703.75057083746,-9.611348268500597,-111.11897911488654,62.15295889854118,381.59371761353225,7.597671404498781e-09,32.903388076011765,357.88458959647664,147.51157613314786,-123.56378018823489,-47.53975322154129,80.88447940354666,550.1821503701253,-11.82914286027515,6.847976801689303e-08,-3.496839181353137e-09,185.88288796444724,100.81578559850796,-44.508650266833136,-42.38082361883284,-43.80660698610147,40.48730228453984,67.62528362026477,4.46156172825807e-09,-27.60131147626271,43.97063055413249,17.411380998412554,-11.52353499540194,9.017218350388509e-10,-1.5822318336502934e-09,136.83140404795301,166.85423170751199,-8.443650166351892,2.2131181823714153e-08,9.834066882604649,3.039189826688369e-18
2016-10-31T12:03:50.426,1.3,1,-28.987942190106317,116.2974783694207,47382.78171264105,-2492023.7143615796,5042785.556663798,-3095695.1662129955,5182815.897141165,-2173831.532852525,-3104202.4368155086,10330.510611581118,-11300.658143884713,-1736.7871193494648,-15053.671294007829,2138.6040331670333,-1712.2795202777088,15409.11267655851,15300.932906011845,549.0729777455508,3.0000018044515222e-09,18.641193581963947,55.033026772128345,22.415230389081646,12.898358514888088,1.7433272288036643e-09,1.3137095124558795,2704.522711776532,-9.149900465696515,-109.90211868338092,61.93231541343556,380.9337728706048,7.578766617600309e-09,32.27883122775095,357.6456055150331,146.5686819010883,-123.7926296571009,-47.11477823826251,80.91102429636294,549.2841797238001,-13.151443439824579,6.843717030501144e-08,-3.6756493377395546e-09,187.50268440234598,100.83274124627656,-44.72516417706029,-42.40066420418636,-45.31124894638227,40.585262976630865,68.81044251224607,4.4812243275698166e-09,-28.102853716183624,43.9642066342998,17.881487240885164,-11.656450808028326,9.548100567780455e-10,-1.6020578782913873e-09,136.60863952291726,166.36765237858603,-8.040172624582624,2.2097715702476173e-08,9.393046007134737,3.0391898266882635e-18
2016-10-31T12:03:50.434,1.3081235214162925,1,-28.988571218882765,116.29712630792419,47285.11662578144,-2491939.800269396,5042693.763980054,-3095709.27363675,5182693.61896563,-2173814.161010782,-3104216.34517336,10328.700752268283,-11298.733363406349,-1736.4420731011778,-15051.044531303794,2138.3192641337064,-1711.938741641174,15406.44884197832,15298.270654351332,549.0499245941409,3.0000018044515222e-09,18.638845696165717,55.046647710925754,22.411947672537625,12.885275107505715,1.743327228803634e-09,1.312266756027565,2705.043642934323,-8.834671592632859,-109.08637496925941,61.77974521507782,380.48802129122464,7.56569718718923e-09,31.811994604594208,357.4911198451434,145.92613111844253,-123.95187224762242,-46.8280135178137,80.93045516047343,548.6536645335253,-14.064235514632399,6.840681498437133e-08,-3.7994033151149565e-09,188.62723664908532,100.84444953693715,-44.879774639002775,-42.41444738584851,-46.344794273979936,40.65268440774356,69.62145350806597,4.494830783706172e-09,-28.446328622464378,43.959829094484306,18.203348655967087,-11.748141149854883,9.912676992394392e-10,-1.61577831479016e-09,136.46254462735965,166.0303145961064,-7.767710336596568,2.2074484502072203e-08,9.091626943185096,3.039189826688158e-18
2016-10-31T12:03:50.486,1.36,1,-28.992585908593817,116.29487941010368,46661.8566960227,-2491404.298968144,5042107.951949329,-3095799.2953685517,5181913.273093332,-2173703.2813541577,-3104305.096482363,10316.617527473461,-11285.866399611386,-1734.1503276089206,-15033.495800568327,2136.411013472528,-1709.6755353866333,15388.653448459876,15280.485543348805,548.896199243558,3.0000018044515222e-09,18.62319432746303,55.135452479342256,22.39523590568901,12.798045691875762,1.7433272288036037e-09,1.3026533555525468,2708.1489922137607,-6.834752824306675,-104.19757686945246,60.7738578569376,377.7442402255451,7.479529993798745e-09,27.838275269381825,356.68993195076587,141.8983515057987,-125.03201766435542,-45.09985090190322,81.08336753971678,544.3080535843878,-20.092968395258914,6.818855002632049e-08,-4.623061749530892e-09,196.1193156113182,100.92368388262497,-45.99050951462786,-42.50811241767952,-53.01239266242308,41.095807529036854,74.80067386431568,4.585383115234787e-09,-30.644322278459338,43.93297543807137,20.2625247595193,-12.353018172109564,1.226770619675065e-09,-1.707082922670104e-09,135.64981227672905,163.78997353133974,-6.125699196316662,2.1919573703234076e-08,7.176621351944368,3.0391898266880525e-18
